image: map18.pgm
resolution: 0.050000
origin: [-47.765957132845166,-49.11038368096317, 0.000000]
negate: 0
occupied_thresh: 0.45
free_thresh: 0.196