image: map2.pgm
resolution: 0.050000
origin: [-44.118968207956335,-50.03261007415558, 0.000000]
negate: 0
occupied_thresh: 0.45
free_thresh: 0.196