image: map7.pgm
resolution: 0.050000
origin: [-47.634292173044706,-49.12878811122664, 0.000000]
negate: 0
occupied_thresh: 0.45
free_thresh: 0.196