image: map8.pgm
resolution: 0.050000
origin: [-44.8567505301254,-49.85483426641631, 0.000000]
negate: 0
occupied_thresh: 0.45
free_thresh: 0.196